9999
99990
99990
99990
99990
99990
99990
99990
99990
99990
84808
84464
81202
81523
84117
83948
83726
83474
83264
83124
83073
82822
82651
82529
82402
82381
83804
83712
83517
83457
83457
83427
83353
83240
83092
83006
82890
82951
82971
82746
82707
82798
82523
82667
82464
82507
82326
82403
82246
82329
82028
80493
77455
76969
76519
76369
75836
74948
75104
59770
59409
59247
50354
50338
50301
50277
50281
50263
50247
50256
50230
50233
50216
50208
50191
50183
50172
50170
50167
50149
50151
50124
50142
50109
50131
50023
34468
34312
34211
34223
34171
33993
26858
26755
20566
20283
18152
17483
17174
16894
16509
